Optimization terminated successfully.
         Current function value: -5.464102
         Iterations: 52
         Function evaluations: 3416
         Gradient evaluations: 56
  message: Optimization terminated successfully.
  success: True
   status: 0
      fun: -5.464101612593884
        x: [ 6.017e-01  1.504e+00 ...  1.357e+00  4.997e-01]
      nit: 52
      jac: [ 3.994e-06 -5.066e-06 ...  5.245e-06 -6.318e-06]
 hess_inv: [[ 1.390e+00  3.763e-01 ...  5.191e-01 -6.408e-01]
            [ 3.763e-01  1.737e+00 ...  9.279e-01 -3.843e-01]
            ...
            [ 5.191e-01  9.279e-01 ...  3.233e+00 -8.845e-01]
            [-6.408e-01 -3.843e-01 ... -8.845e-01  2.187e+00]]
     nfev: 3416
     njev: 56
Optimization terminated successfully.
         Current function value: -5.339594
         Iterations: 1005
         Function evaluations: 63074
         Gradient evaluations: 1034
  message: Optimization terminated successfully.
  success: True
   status: 0
      fun: -5.339593544776679
        x: [ 3.138e+00  1.661e-02 ...  3.407e+00  3.061e+00]
      nit: 1005
      jac: [ 2.742e-06 -5.126e-06 ...  3.815e-06  5.960e-08]
 hess_inv: [[ 4.407e+01  2.588e+00 ...  1.477e+01  1.674e+01]
            [ 2.588e+00  9.936e+01 ...  2.100e+01  6.281e+01]
            ...
            [ 1.477e+01  2.100e+01 ...  7.441e+02  1.731e+02]
            [ 1.674e+01  6.281e+01 ...  1.731e+02  3.521e+02]]
     nfev: 63074
     njev: 1034
Optimization terminated successfully.
         Current function value: -4.342488
         Iterations: 499
         Function evaluations: 30927
         Gradient evaluations: 507
  message: Optimization terminated successfully.
  success: True
   status: 0
      fun: -4.342488367010666
        x: [ 2.105e-02 -5.723e-02 ...  1.805e+00  8.788e-02]
      nit: 499
      jac: [ 1.907e-06 -1.311e-06 ... -3.576e-06 -4.768e-07]
 hess_inv: [[ 5.785e+00 -7.250e-01 ...  1.032e+00 -3.618e+00]
            [-7.250e-01  1.063e+01 ... -1.464e+00  9.567e-01]
            ...
            [ 1.032e+00 -1.464e+00 ...  7.496e+01 -3.566e+01]
            [-3.618e+00  9.567e-01 ... -3.566e+01  6.314e+01]]
     nfev: 30927
     njev: 507
Optimization terminated successfully.
         Current function value: -0.612244
         Iterations: 395
         Function evaluations: 24400
         Gradient evaluations: 400
  message: Optimization terminated successfully.
  success: True
   status: 0
      fun: -0.61224403928201
        x: [-4.385e-03  3.032e+00 ...  1.570e+00 -3.143e+00]
      nit: 395
      jac: [-6.102e-06  5.469e-06 ... -1.632e-06 -3.032e-06]
 hess_inv: [[ 7.820e+00 -4.128e-02 ... -1.089e-01  8.353e-02]
            [-4.128e-02  1.575e+01 ... -6.031e-01  2.135e-01]
            ...
            [-1.089e-01 -6.031e-01 ...  7.472e+01 -3.147e+01]
            [ 8.353e-02  2.135e-01 ... -3.147e+01  1.036e+02]]
     nfev: 24400
     njev: 400
Result has been stored
