Optimization terminated successfully.
         Current function value: -5.462592
         Iterations: 182
         Function evaluations: 5983
         Gradient evaluations: 193
  message: Optimization terminated successfully.
  success: True
   status: 0
      fun: -5.462591870932798
        x: [-8.304e-01 -7.879e-01 ...  1.867e+00  1.657e+00]
      nit: 182
      jac: [-2.861e-06  0.000e+00 ...  1.669e-06  1.788e-07]
 hess_inv: [[ 1.617e+01 -6.627e+01 ...  3.251e+00 -2.187e+00]
            [-6.627e+01  4.252e+02 ... -1.485e+01  1.338e+01]
            ...
            [ 3.251e+00 -1.485e+01 ...  2.563e+01 -1.970e+01]
            [-2.187e+00  1.338e+01 ... -1.970e+01  1.764e+01]]
     nfev: 5983
     njev: 193
Optimization terminated successfully.
         Current function value: -5.394588
         Iterations: 168
         Function evaluations: 5456
         Gradient evaluations: 176
  message: Optimization terminated successfully.
  success: True
   status: 0
      fun: -5.394588229486435
        x: [ 9.127e-07 -4.833e-02 ...  1.562e+00  1.853e+00]
      nit: 168
      jac: [ 1.311e-06 -3.457e-06 ...  2.980e-07 -9.537e-07]
 hess_inv: [[ 5.203e-01  7.132e-03 ... -1.576e-02  1.844e-02]
            [ 7.132e-03  2.326e+00 ... -3.063e-01 -8.790e-02]
            ...
            [-1.576e-02 -3.063e-01 ...  5.111e+00 -2.361e+00]
            [ 1.844e-02 -8.790e-02 ... -2.361e+00  3.219e+00]]
     nfev: 5456
     njev: 176
Optimization terminated successfully.
         Current function value: -4.923405
         Iterations: 244
         Function evaluations: 7998
         Gradient evaluations: 258
  message: Optimization terminated successfully.
  success: True
   status: 0
      fun: -4.923404502338314
        x: [-2.013e+00  7.872e-06 ...  1.562e+00  1.875e+00]
      nit: 244
      jac: [ 6.378e-06 -6.557e-07 ... -3.695e-06  1.192e-06]
 hess_inv: [[ 4.353e+01 -4.194e+00 ...  2.556e+00 -1.594e+00]
            [-4.194e+00  7.237e+02 ...  1.654e-02  1.622e+00]
            ...
            [ 2.556e+00  1.654e-02 ...  1.632e+00 -9.670e-01]
            [-1.594e+00  1.622e+00 ... -9.670e-01  2.566e+00]]
     nfev: 7998
     njev: 258
Optimization terminated successfully.
         Current function value: -1.928219
         Iterations: 159
         Function evaluations: 5177
         Gradient evaluations: 167
  message: Optimization terminated successfully.
  success: True
   status: 0
      fun: -1.9282189103069398
        x: [ 9.192e-05  3.160e-01 ...  1.463e+00  2.120e+00]
      nit: 159
      jac: [ 1.773e-06 -3.606e-06 ...  1.445e-06 -3.278e-07]
 hess_inv: [[ 6.499e+01  3.866e+00 ... -6.132e-02 -2.155e-01]
            [ 3.866e+00  1.081e+02 ... -8.387e-01  3.931e-01]
            ...
            [-6.132e-02 -8.387e-01 ...  2.307e+00 -6.125e-01]
            [-2.155e-01  3.931e-01 ... -6.125e-01  1.555e+00]]
     nfev: 5177
     njev: 167
Traceback (most recent call last):
  File "/gpfs1/scratch/xzhu24/pure_vqe/6qubits/hea/./run.py", line 483, in <module>
    f.write(f"{result[i]}\t{result1[i]}\t{result2[i]}\t{result3[i]}\n")
IndexError: list index out of range
